128.087082
129.6707
125.305809
129.581635
130.700104
127.661461
127.483307
129.551926
127.592186
125.840279
126.523224
130.680283
135.47081
137.648331
141.458969
141.696503
140.607773
135.688553
130.611023
132.768707
133.610046
132.57077
135.985489
135.564194
135.712906
134.82077
134.206161
133.948471
134.186356
132.025421
129.695969
128.575851
128.734451
124.898293
124.759514
124.253983
119.932098
120.199738
126.672638
124.025986
120.992737
119.07962
120.358337
115.342583
120.031212
118.930923
120.893616
119.971741
122.905861
124.472054
123.669128
119.476112
118.940842
122.311096
121.468544
119.039955
119.535591
120.150169
120.328606
118.851631
121.081963
121.924522
124.799156
125.106453
126.78167
129.220154
131.837067
130.092468
133.254547
130.875565
133.323975
132.986954
133.66098
131.946106
132.332718
130.786362
133.145569
133.542038
133.214935
132.412003
132.312881
130.310562
131.381104
126.732117
126.979935
128.605606
129.290741
125.954437
125.02108
121.903244
124.087708
126.550194
125.37854
123.968559
123.809692
126.411194
124.544456
126.202682
126.004089
125.954437
124.395531
123.730247
123.402573
124.177078
122.667809
125.001213
125.011139
125.845207
126.23246
125.219658
126.450905
129.558807
128.724731
129.23114
130.859543
129.538956
131.365967
133.034088
132.756073
132.468124
132.170227
133.828461
135.367508
135.993073
136.300873
138.971878
141.017319
143.549362
142.228745
144.085526
143.479813
144.611771
148.097
147.431717
145.356491
141.444275
145.118164
144.373459
145.763596
147.511154
147.938126
145.733795
143.956436
144.611771
144.830215
144.49263
146.319641
145.912521
146.021759
145.325668
145.275925
144.788666
145.047211
148.060333
148.26918
150.277893
149.353104
145.544449
145.882538
147.364227
148.875778
148.786255
147.533279
146.717865
147.771942
152.266754
150.983963
151.660172
152.793808
153.440186
155.816879
154.245682
153.211472
148.139908
148.71666
147.294617
148.199554
147.960892
145.246094
142.143494
142.630753
145.037262
146.011826
146.101303
144.559937
141.119232
142.034119
140.711533
141.855103
138.364655
140.323685
141.208725
142.491547
142.103699
142.014221
140.721466
140.124802
142.958908
144.032883
145.733383
147.931061
148.428253
148.647034
147.86145
147.811722
148.487946
148.020569
151.719833
148.965256
148.129959
149.184036
150.645859
150.118805
150.65657
149.820038
150.188492
147.310425
147.26062
149.371902
149.381851
150.377716
152.857468
157.219406
159.888367
160.35643
160.744843
161.272644
156.163788
159.579651
164.618805
164.090988
163.085144
161.173065
164.638718
170.474564
174.35849
173.840637
178.71048
175.015778
173.611588
178.561111
171.550095
170.434723
169.050461
172.2771
174.916183
175.553543
179.586868
178.551132
178.640778
177.465637
176.838242
